29 25 28 33 65
29 25 28 65 33
29 25 33 28 65
29 25 33 65 28
29 25 65 28 33
29 25 65 33 28
29 28 25 65 33
29 28 25 33 65
29 28 33 65 25
29 28 33 25 65
29 28 65 33 25
29 28 65 25 33
29 33 25 28 65
29 33 25 65 28
29 33 28 25 65
29 33 28 65 25
29 33 65 25 28
29 33 65 28 25
29 65 25 33 28
29 65 25 28 33
29 65 28 33 25
29 65 28 25 33
29 65 33 28 25
29 65 33 25 28
25 29 65 28 33
25 29 65 33 28
25 29 28 65 33
25 29 28 33 65
25 29 33 65 28
25 29 33 28 65
25 28 65 33 29
25 28 65 29 33
25 28 29 33 65
25 28 29 65 33
25 28 33 29 65
25 28 33 65 29
25 33 65 29 28
25 33 65 28 29
25 33 29 65 28
25 33 29 28 65
25 33 28 65 29
25 33 28 29 65
25 65 33 28 29
25 65 33 29 28
25 65 29 28 33
25 65 29 33 28
25 65 28 29 33
25 65 28 33 29
28 29 33 65 25
28 29 33 25 65
28 29 65 33 25
28 29 65 25 33
28 29 25 33 65
28 29 25 65 33
28 25 33 29 65
28 25 33 65 29
28 25 65 29 33
28 25 65 33 29
28 25 29 65 33
28 25 29 33 65
28 33 25 65 29
28 33 25 29 65
28 33 65 25 29
28 33 65 29 25
28 33 29 25 65
28 33 29 65 25
28 65 25 29 33
28 65 25 33 29
28 65 33 29 25
28 65 33 25 29
28 65 29 33 25
28 65 29 25 33
33 29 25 28 65
33 29 25 65 28
33 29 28 25 65
33 29 28 65 25
33 29 65 25 28
33 29 65 28 25
33 25 29 65 28
33 25 29 28 65
33 25 28 65 29
33 25 28 29 65
33 25 65 28 29
33 25 65 29 28
33 28 29 25 65
33 28 29 65 25
33 28 25 29 65
33 28 25 65 29
33 28 65 29 25
33 28 65 25 29
33 65 29 28 25
33 65 29 25 28
33 65 25 28 29
33 65 25 29 28
33 65 28 25 29
33 65 28 29 25
65 29 33 25 28
65 29 33 28 25
65 29 25 33 28
65 29 25 28 33
65 29 28 33 25
65 29 28 25 33
65 25 33 28 29
65 25 33 29 28
65 25 29 28 33
65 25 29 33 28
65 25 28 29 33
65 25 28 33 29
65 28 33 29 25
65 28 33 25 29
65 28 29 33 25
65 28 29 25 33
65 28 25 33 29
65 28 25 29 33
65 33 28 25 29
65 33 28 29 25
65 33 29 25 28
65 33 29 28 25
65 33 25 29 28
65 33 25 28 29
